ans =

   1   2

ans =

   1   3

ans =

   1   4

ans =

   1   5

ans =

   1   6

ans =

   1   7

ans =

   2   3

ans =

   2   4

ans =

   2   5

ans =

   2   6

ans =

   2   7

ans =

   3   4

ans =

   3   5

ans =

   3   6

ans =

   3   7

ans =

   4   5

ans =

   4   6

ans =

   4   7

ans =

   5   6

ans =

   5   7

ans =

   6   7

